Check grid
 1  1  1  1  0  1  1  1  2 
 0  0  1  4  1  1  0  1  1 
 1  1  1  1  1  1  1  1  1 
 1  0  0  0  0  4  2  1  1 
 1  1  0  1  1  1  1  2  1 
 0  1  1  1  2  1  0  2  1 
 1  1  1  1  0  1  2  1  1 
 1  1  1  1  1  1  1  1  1 
 1  1  1  1  1  1  1  1  1 
Row Check
 1  0  0  0  0  4  1  1  2 
 1  1  1  1  0  1  2  1  1 
 1  1  1  1  0  1  2  1  1 
 1  1  1  1  0  1  1  2  1 
 0  0  1  4  1  1  0  1  1 
 1  1  0  1  2  1  1  1  1 
 0  1  1  1  2  1  1  1  1 
 1  1  1  1  1  1  0  2  1 
 1  1  1  1  1  1  1  1  1 
Col Check
 1  0  1  0  1  1  1  1  1 
 1  1  0  0  1  1  1  1  1 
 1  1  1  0  1  0  1  1  1 
 2  2  2  1  0  1  1  1  1 
 1  0  1  2  1  0  1  1  0 
 1  1  1  2  2  2  1  1  1 
 0  1  1  0  1  2  1  1  2 
 1  1  1  3  1  1  1  1  1 
 1  2  1  1  1  1  1  1  1 
The filled sudoku board, F:\testSudoku.txt is not the solution